  1   1 -0.16177E+11
  1   2  0.16177E+11
  1  87  0.80885E+10
  1  88  0.80885E+10
  2   1  0.16177E+11
  2   2 -0.32354E+11
  2   3  0.16177E+11
  2  87 -0.80885E+10
  2  89  0.80885E+10
  3   2  0.16177E+11
  3   3 -0.32354E+11
  3   4  0.16177E+11
  3  88 -0.80885E+10
  3  90  0.80885E+10
  4   3  0.16177E+11
  4   4 -0.32354E+11
  4   5  0.16177E+11
  4  89 -0.80885E+10
  4  91  0.80885E+10
  5   4  0.16177E+11
  5   5 -0.32354E+11
  5   6  0.16177E+11
  5  90 -0.80885E+10
  5  92  0.80885E+10
  6   5  0.16177E+11
  6   6 -0.32354E+11
  6   7  0.16177E+11
  6  91 -0.80885E+10
  6  93  0.80885E+10
  7   6  0.16177E+11
  7   7 -0.32354E+11
  7   8  0.16177E+11
  7  92 -0.80885E+10
  7  94  0.80885E+10
  8   7  0.16177E+11
  8   8 -0.32354E+11
  8   9  0.16177E+11
  8  93 -0.80885E+10
  8  95  0.80885E+10
  9   8  0.16177E+11
  9   9 -0.32354E+11
  9  10  0.16177E+11
  9  94 -0.80885E+10
  9  96  0.80885E+10
 10   9  0.16177E+11
 10  10 -0.32354E+11
 10  11  0.16177E+11
 10  95 -0.80885E+10
 10  97  0.80885E+10
 11  10  0.16177E+11
 11  11 -0.32354E+11
 11  12  0.16177E+11
 11  96 -0.80885E+10
 11  98  0.80885E+10
 12  11  0.16177E+11
 12  12 -0.32354E+11
 12  13  0.16177E+11
 12  97 -0.80885E+10
 12  99  0.80885E+10
 13  12  0.16177E+11
 13  13 -0.32354E+11
 13  14  0.16177E+11
 13  98 -0.80885E+10
 13 100  0.80885E+10
 14  13  0.16177E+11
 14  14 -0.32354E+11
 14  15  0.16177E+11
 14  99 -0.80885E+10
 14 101  0.80885E+10
 15  14  0.16177E+11
 15  15 -0.32354E+11
 15  16  0.16177E+11
 15 100 -0.80885E+10
 15 102  0.80885E+10
 16  15  0.16177E+11
 16  16 -0.32354E+11
 16  17  0.16177E+11
 16 101 -0.80885E+10
 16 103  0.80885E+10
 17  16  0.16177E+11
 17  17 -0.32354E+11
 17  18  0.16177E+11
 17 102 -0.80885E+10
 17 104  0.80885E+10
 18  17  0.16177E+11
 18  18 -0.32354E+11
 18  19  0.16177E+11
 18 103 -0.80885E+10
 18 105  0.80885E+10
 19  18  0.16177E+11
 19  19 -0.32354E+11
 19  20  0.16177E+11
 19 104 -0.80885E+10
 19 106  0.80885E+10
 20  19  0.16177E+11
 20  20 -0.32354E+11
 20  21  0.16177E+11
 20 105 -0.80885E+10
 20 107  0.80885E+10
 21  20  0.16177E+11
 21  21 -0.32354E+11
 21  22  0.16177E+11
 21 106 -0.80885E+10
 21 108  0.80885E+10
 22  21  0.16177E+11
 22  22 -0.32354E+11
 22  23  0.16177E+11
 22 107 -0.80885E+10
 22 109  0.80885E+10
 23  22  0.16177E+11
 23  23 -0.32354E+11
 23  24  0.16177E+11
 23 108 -0.80885E+10
 23 110  0.80885E+10
 24  23  0.16177E+11
 24  24 -0.32354E+11
 24  25  0.16177E+11
 24 109 -0.80885E+10
 24 111  0.80885E+10
 25  24  0.16177E+11
 25  25 -0.32354E+11
 25  26  0.16177E+11
 25 110 -0.80885E+10
 25 112  0.80885E+10
 26  25  0.16177E+11
 26  26 -0.32354E+11
 26  27  0.16177E+11
 26 111 -0.80885E+10
 26 113  0.80885E+10
 27  26  0.16177E+11
 27  27 -0.32354E+11
 27  28  0.16177E+11
 27 112 -0.80885E+10
 27 114  0.80885E+10
 28  27  0.16177E+11
 28  28 -0.32354E+11
 28  29  0.16177E+11
 28 113 -0.80885E+10
 28 115  0.80885E+10
 29  28  0.16177E+11
 29  29 -0.32354E+11
 29  30  0.16177E+11
 29 114 -0.80885E+10
 29 116  0.80885E+10
 30  29  0.16177E+11
 30  30 -0.32354E+11
 30  31  0.16177E+11
 30 115 -0.80885E+10
 30 117  0.80885E+10
 31  30  0.16177E+11
 31  31 -0.32354E+11
 31  32  0.16177E+11
 31 116 -0.80885E+10
 31 118  0.80885E+10
 32  31  0.16177E+11
 32  32 -0.32354E+11
 32  33  0.16177E+11
 32 117 -0.80885E+10
 32 119  0.80885E+10
 33  32  0.16177E+11
 33  33 -0.32354E+11
 33  34  0.16177E+11
 33 118 -0.80885E+10
 33 120  0.80885E+10
 34  33  0.16177E+11
 34  34 -0.32354E+11
 34  35  0.16177E+11
 34 119 -0.80885E+10
 34 121  0.80885E+10
 35  34  0.16177E+11
 35  35 -0.32354E+11
 35  36  0.16177E+11
 35 120 -0.80885E+10
 35 122  0.80885E+10
 36  35  0.16177E+11
 36  36 -0.32354E+11
 36  37  0.16177E+11
 36 121 -0.80885E+10
 36 123  0.80885E+10
 37  36  0.16177E+11
 37  37 -0.32354E+11
 37  38  0.16177E+11
 37 122 -0.80885E+10
 37 124  0.80885E+10
 38  37  0.16177E+11
 38  38 -0.32354E+11
 38  39  0.16177E+11
 38 123 -0.80885E+10
 38 125  0.80885E+10
 39  38  0.16177E+11
 39  39 -0.32354E+11
 39  40  0.16177E+11
 39 124 -0.80885E+10
 39 126  0.80885E+10
 40  39  0.16177E+11
 40  40 -0.32354E+11
 40  41  0.16177E+11
 40 125 -0.80885E+10
 40 127  0.80885E+10
 41  40  0.16177E+11
 41  41 -0.32354E+11
 41  42  0.16177E+11
 41 126 -0.80885E+10
 41 128  0.80885E+10
 42  41  0.16177E+11
 42  42 -0.32354E+11
 42  43  0.16177E+11
 42 127 -0.80885E+10
 42 129  0.80885E+10
 43  42  0.16177E+11
 43  43 -0.32354E+11
 43  44  0.16177E+11
 43 128 -0.80885E+10
 43 130  0.80885E+10
 44  43  0.16177E+11
 44  44 -0.32354E+11
 44  45  0.16177E+11
 44 129 -0.80885E+10
 44 131  0.80885E+10
 45  44  0.16177E+11
 45  45 -0.32354E+11
 45  46  0.16177E+11
 45 130 -0.80885E+10
 45 132  0.80885E+10
 46  45  0.16177E+11
 46  46 -0.32354E+11
 46  47  0.16177E+11
 46 131 -0.80885E+10
 46 133  0.80885E+10
 47  46  0.16177E+11
 47  47 -0.32354E+11
 47  48  0.16177E+11
 47 132 -0.80885E+10
 47 134  0.80885E+10
 48  47  0.16177E+11
 48  48 -0.32354E+11
 48  49  0.16177E+11
 48 133 -0.80885E+10
 48 135  0.80885E+10
 49  48  0.16177E+11
 49  49 -0.32354E+11
 49  50  0.16177E+11
 49 134 -0.80885E+10
 49 136  0.80885E+10
 50  49  0.16177E+11
 50  50 -0.32354E+11
 50  51  0.16177E+11
 50 135 -0.80885E+10
 50 137  0.80885E+10
 51  50  0.16177E+11
 51  51 -0.32354E+11
 51  52  0.16177E+11
 51 136 -0.80885E+10
 51 138  0.80885E+10
 52  51  0.16177E+11
 52  52 -0.32354E+11
 52  53  0.16177E+11
 52 137 -0.80885E+10
 52 139  0.80885E+10
 53  52  0.16177E+11
 53  53 -0.32354E+11
 53  54  0.16177E+11
 53 138 -0.80885E+10
 53 140  0.80885E+10
 54  53  0.16177E+11
 54  54 -0.32354E+11
 54  55  0.16177E+11
 54 139 -0.80885E+10
 54 141  0.80885E+10
 55  54  0.16177E+11
 55  55 -0.32354E+11
 55  56  0.16177E+11
 55 140 -0.80885E+10
 55 142  0.80885E+10
 56  55  0.16177E+11
 56  56 -0.32354E+11
 56  57  0.16177E+11
 56 141 -0.80885E+10
 56 143  0.80885E+10
 57  56  0.16177E+11
 57  57 -0.32354E+11
 57  58  0.16177E+11
 57 142 -0.80885E+10
 57 144  0.80885E+10
 58  57  0.16177E+11
 58  58 -0.32354E+11
 58  59  0.16177E+11
 58 143 -0.80885E+10
 58 145  0.80885E+10
 59  58  0.16177E+11
 59  59 -0.32354E+11
 59  60  0.16177E+11
 59 144 -0.80885E+10
 59 146  0.80885E+10
 60  59  0.16177E+11
 60  60 -0.32354E+11
 60  61  0.16177E+11
 60 145 -0.80885E+10
 60 147  0.80885E+10
 61  60  0.16177E+11
 61  61 -0.32354E+11
 61  62  0.16177E+11
 61 146 -0.80885E+10
 61 148  0.80885E+10
 62  61  0.16177E+11
 62  62 -0.32354E+11
 62  63  0.16177E+11
 62 147 -0.80885E+10
 62 149  0.80885E+10
 63  62  0.16177E+11
 63  63 -0.32354E+11
 63  64  0.16177E+11
 63 148 -0.80885E+10
 63 150  0.80885E+10
 64  63  0.16177E+11
 64  64 -0.32354E+11
 64  65  0.16177E+11
 64 149 -0.80885E+10
 64 151  0.80885E+10
 65  64  0.16177E+11
 65  65 -0.32354E+11
 65  66  0.16177E+11
 65 150 -0.80885E+10
 65 152  0.80885E+10
 66  65  0.16177E+11
 66  66 -0.32354E+11
 66  67  0.16177E+11
 66 151 -0.80885E+10
 66 153  0.80885E+10
 67  66  0.16177E+11
 67  67 -0.32354E+11
 67  68  0.16177E+11
 67 152 -0.80885E+10
 67 154  0.80885E+10
 68  67  0.16177E+11
 68  68 -0.32354E+11
 68  69  0.16177E+11
 68 153 -0.80885E+10
 68 155  0.80885E+10
 69  68  0.16177E+11
 69  69 -0.32354E+11
 69  70  0.16177E+11
 69 154 -0.80885E+10
 69 156  0.80885E+10
 70  69  0.16177E+11
 70  70 -0.32354E+11
 70  71  0.16177E+11
 70 155 -0.80885E+10
 70 157  0.80885E+10
 71  70  0.16177E+11
 71  71 -0.32354E+11
 71  72  0.16177E+11
 71 156 -0.80885E+10
 71 158  0.80885E+10
 72  71  0.16177E+11
 72  72 -0.32354E+11
 72  73  0.16177E+11
 72 157 -0.80885E+10
 72 159  0.80885E+10
 73  72  0.16177E+11
 73  73 -0.32354E+11
 73  74  0.16177E+11
 73 158 -0.80885E+10
 73 160  0.80885E+10
 74  73  0.16177E+11
 74  74 -0.32354E+11
 74  75  0.16177E+11
 74 159 -0.80885E+10
 74 161  0.80885E+10
 75  74  0.16177E+11
 75  75 -0.32354E+11
 75  76  0.16177E+11
 75 160 -0.80885E+10
 75 162  0.80885E+10
 76  75  0.16177E+11
 76  76 -0.32354E+11
 76  77  0.16177E+11
 76 161 -0.80885E+10
 76 163  0.80885E+10
 77  76  0.16177E+11
 77  77 -0.32354E+11
 77  78  0.16177E+11
 77 162 -0.80885E+10
 77 164  0.80885E+10
 78  77  0.16177E+11
 78  78 -0.32354E+11
 78  79  0.16177E+11
 78 163 -0.80885E+10
 78 165  0.80885E+10
 79  78  0.16177E+11
 79  79 -0.32354E+11
 79  80  0.16177E+11
 79 164 -0.80885E+10
 79 166  0.80885E+10
 80  79  0.16177E+11
 80  80 -0.32354E+11
 80  81  0.16177E+11
 80 165 -0.80885E+10
 80 167  0.80885E+10
 81  80  0.16177E+11
 81  81 -0.32354E+11
 81  82  0.16177E+11
 81 166 -0.80885E+10
 81 168  0.80885E+10
 82  81  0.16177E+11
 82  82 -0.32354E+11
 82  83  0.16177E+11
 82 167 -0.80885E+10
 82 169  0.80885E+10
 83  82  0.16177E+11
 83  83 -0.32354E+11
 83  84  0.16177E+11
 83 168 -0.80885E+10
 83 170  0.80885E+10
 84  83  0.16177E+11
 84  84 -0.32354E+11
 84  85  0.16177E+11
 84 169 -0.80885E+10
 84 171  0.80885E+10
 85  84  0.16177E+11
 85  85 -0.32354E+11
 85  86  0.16177E+11
 85 170 -0.80885E+10
 85 172  0.80885E+10
 86  85  0.16177E+11
 86  86 -0.16177E+11
 86 171 -0.80885E+10
 86 172 -0.80885E+10
 87   1  0.32099E+10
 87   2 -0.32099E+10
 87  87 -0.28108E+12
 87  88  0.27787E+12
 88   1  0.32099E+10
 88   3 -0.32099E+10
 88  87  0.27787E+12
 88  88 -0.56216E+12
 88  89  0.27787E+12
 89   2  0.32099E+10
 89   4 -0.32099E+10
 89  88  0.27787E+12
 89  89 -0.56216E+12
 89  90  0.27787E+12
 90   3  0.32099E+10
 90   5 -0.32099E+10
 90  89  0.27787E+12
 90  90 -0.56216E+12
 90  91  0.27787E+12
 91   4  0.32099E+10
 91   6 -0.32099E+10
 91  90  0.27787E+12
 91  91 -0.56216E+12
 91  92  0.27787E+12
 92   5  0.32099E+10
 92   7 -0.32099E+10
 92  91  0.27787E+12
 92  92 -0.56216E+12
 92  93  0.27787E+12
 93   6  0.32099E+10
 93   8 -0.32099E+10
 93  92  0.27787E+12
 93  93 -0.56216E+12
 93  94  0.27787E+12
 94   7  0.32099E+10
 94   9 -0.32099E+10
 94  93  0.27787E+12
 94  94 -0.56216E+12
 94  95  0.27787E+12
 95   8  0.32099E+10
 95  10 -0.32099E+10
 95  94  0.27787E+12
 95  95 -0.56216E+12
 95  96  0.27787E+12
 96   9  0.32099E+10
 96  11 -0.32099E+10
 96  95  0.27787E+12
 96  96 -0.56216E+12
 96  97  0.27787E+12
 97  10  0.32099E+10
 97  12 -0.32099E+10
 97  96  0.27787E+12
 97  97 -0.56216E+12
 97  98  0.27787E+12
 98  11  0.32099E+10
 98  13 -0.32099E+10
 98  97  0.27787E+12
 98  98 -0.56216E+12
 98  99  0.27787E+12
 99  12  0.32099E+10
 99  14 -0.32099E+10
 99  98  0.27787E+12
 99  99 -0.56216E+12
 99 100  0.27787E+12
100  13  0.32099E+10
100  15 -0.32099E+10
100  99  0.27787E+12
100 100 -0.56216E+12
100 101  0.27787E+12
101  14  0.32099E+10
101  16 -0.32099E+10
101 100  0.27787E+12
101 101 -0.56216E+12
101 102  0.27787E+12
102  15  0.32099E+10
102  17 -0.32099E+10
102 101  0.27787E+12
102 102 -0.56216E+12
102 103  0.27787E+12
103  16  0.32099E+10
103  18 -0.32099E+10
103 102  0.27787E+12
103 103 -0.56216E+12
103 104  0.27787E+12
104  17  0.32099E+10
104  19 -0.32099E+10
104 103  0.27787E+12
104 104 -0.56216E+12
104 105  0.27787E+12
105  18  0.32099E+10
105  20 -0.32099E+10
105 104  0.27787E+12
105 105 -0.56216E+12
105 106  0.27787E+12
106  19  0.32099E+10
106  21 -0.32099E+10
106 105  0.27787E+12
106 106 -0.56216E+12
106 107  0.27787E+12
107  20  0.32099E+10
107  22 -0.32099E+10
107 106  0.27787E+12
107 107 -0.56216E+12
107 108  0.27787E+12
108  21  0.32099E+10
108  23 -0.32099E+10
108 107  0.27787E+12
108 108 -0.56216E+12
108 109  0.27787E+12
109  22  0.32099E+10
109  24 -0.32099E+10
109 108  0.27787E+12
109 109 -0.56216E+12
109 110  0.27787E+12
110  23  0.32099E+10
110  25 -0.32099E+10
110 109  0.27787E+12
110 110 -0.56216E+12
110 111  0.27787E+12
111  24  0.32099E+10
111  26 -0.32099E+10
111 110  0.27787E+12
111 111 -0.56216E+12
111 112  0.27787E+12
112  25  0.32099E+10
112  27 -0.32099E+10
112 111  0.27787E+12
112 112 -0.56216E+12
112 113  0.27787E+12
113  26  0.32099E+10
113  28 -0.32099E+10
113 112  0.27787E+12
113 113 -0.56216E+12
113 114  0.27787E+12
114  27  0.32099E+10
114  29 -0.32099E+10
114 113  0.27787E+12
114 114 -0.56216E+12
114 115  0.27787E+12
115  28  0.32099E+10
115  30 -0.32099E+10
115 114  0.27787E+12
115 115 -0.56216E+12
115 116  0.27787E+12
116  29  0.32099E+10
116  31 -0.32099E+10
116 115  0.27787E+12
116 116 -0.56216E+12
116 117  0.27787E+12
117  30  0.32099E+10
117  32 -0.32099E+10
117 116  0.27787E+12
117 117 -0.56216E+12
117 118  0.27787E+12
118  31  0.32099E+10
118  33 -0.32099E+10
118 117  0.27787E+12
118 118 -0.56216E+12
118 119  0.27787E+12
119  32  0.32099E+10
119  34 -0.32099E+10
119 118  0.27787E+12
119 119 -0.56216E+12
119 120  0.27787E+12
120  33  0.32099E+10
120  35 -0.32099E+10
120 119  0.27787E+12
120 120 -0.56216E+12
120 121  0.27787E+12
121  34  0.32099E+10
121  36 -0.32099E+10
121 120  0.27787E+12
121 121 -0.56216E+12
121 122  0.27787E+12
122  35  0.32099E+10
122  37 -0.32099E+10
122 121  0.27787E+12
122 122 -0.56216E+12
122 123  0.27787E+12
123  36  0.32099E+10
123  38 -0.32099E+10
123 122  0.27787E+12
123 123 -0.56216E+12
123 124  0.27787E+12
124  37  0.32099E+10
124  39 -0.32099E+10
124 123  0.27787E+12
124 124 -0.56216E+12
124 125  0.27787E+12
125  38  0.32099E+10
125  40 -0.32099E+10
125 124  0.27787E+12
125 125 -0.56216E+12
125 126  0.27787E+12
126  39  0.32099E+10
126  41 -0.32099E+10
126 125  0.27787E+12
126 126 -0.56216E+12
126 127  0.27787E+12
127  40  0.32099E+10
127  42 -0.32099E+10
127 126  0.27787E+12
127 127 -0.56216E+12
127 128  0.27787E+12
128  41  0.32099E+10
128  43 -0.32099E+10
128 127  0.27787E+12
128 128 -0.56216E+12
128 129  0.27787E+12
129  42  0.32099E+10
129  44 -0.32099E+10
129 128  0.27787E+12
129 129 -0.56216E+12
129 130  0.27787E+12
130  43  0.32099E+10
130  45 -0.32099E+10
130 129  0.27787E+12
130 130 -0.56216E+12
130 131  0.27787E+12
131  44  0.32099E+10
131  46 -0.32099E+10
131 130  0.27787E+12
131 131 -0.56216E+12
131 132  0.27787E+12
132  45  0.32099E+10
132  47 -0.32099E+10
132 131  0.27787E+12
132 132 -0.56216E+12
132 133  0.27787E+12
133  46  0.32099E+10
133  48 -0.32099E+10
133 132  0.27787E+12
133 133 -0.56216E+12
133 134  0.27787E+12
134  47  0.32099E+10
134  49 -0.32099E+10
134 133  0.27787E+12
134 134 -0.56216E+12
134 135  0.27787E+12
135  48  0.32099E+10
135  50 -0.32099E+10
135 134  0.27787E+12
135 135 -0.56216E+12
135 136  0.27787E+12
136  49  0.32099E+10
136  51 -0.32099E+10
136 135  0.27787E+12
136 136 -0.56216E+12
136 137  0.27787E+12
137  50  0.32099E+10
137  52 -0.32099E+10
137 136  0.27787E+12
137 137 -0.56216E+12
137 138  0.27787E+12
138  51  0.32099E+10
138  53 -0.32099E+10
138 137  0.27787E+12
138 138 -0.56216E+12
138 139  0.27787E+12
139  52  0.32099E+10
139  54 -0.32099E+10
139 138  0.27787E+12
139 139 -0.56216E+12
139 140  0.27787E+12
140  53  0.32099E+10
140  55 -0.32099E+10
140 139  0.27787E+12
140 140 -0.56216E+12
140 141  0.27787E+12
141  54  0.32099E+10
141  56 -0.32099E+10
141 140  0.27787E+12
141 141 -0.56216E+12
141 142  0.27787E+12
142  55  0.32099E+10
142  57 -0.32099E+10
142 141  0.27787E+12
142 142 -0.56216E+12
142 143  0.27787E+12
143  56  0.32099E+10
143  58 -0.32099E+10
143 142  0.27787E+12
143 143 -0.56216E+12
143 144  0.27787E+12
144  57  0.32099E+10
144  59 -0.32099E+10
144 143  0.27787E+12
144 144 -0.56216E+12
144 145  0.27787E+12
145  58  0.32099E+10
145  60 -0.32099E+10
145 144  0.27787E+12
145 145 -0.56216E+12
145 146  0.27787E+12
146  59  0.32099E+10
146  61 -0.32099E+10
146 145  0.27787E+12
146 146 -0.56216E+12
146 147  0.27787E+12
147  60  0.32099E+10
147  62 -0.32099E+10
147 146  0.27787E+12
147 147 -0.56216E+12
147 148  0.27787E+12
148  61  0.32099E+10
148  63 -0.32099E+10
148 147  0.27787E+12
148 148 -0.56216E+12
148 149  0.27787E+12
149  62  0.32099E+10
149  64 -0.32099E+10
149 148  0.27787E+12
149 149 -0.56216E+12
149 150  0.27787E+12
150  63  0.32099E+10
150  65 -0.32099E+10
150 149  0.27787E+12
150 150 -0.56216E+12
150 151  0.27787E+12
151  64  0.32099E+10
151  66 -0.32099E+10
151 150  0.27787E+12
151 151 -0.56216E+12
151 152  0.27787E+12
152  65  0.32099E+10
152  67 -0.32099E+10
152 151  0.27787E+12
152 152 -0.56216E+12
152 153  0.27787E+12
153  66  0.32099E+10
153  68 -0.32099E+10
153 152  0.27787E+12
153 153 -0.56216E+12
153 154  0.27787E+12
154  67  0.32099E+10
154  69 -0.32099E+10
154 153  0.27787E+12
154 154 -0.56216E+12
154 155  0.27787E+12
155  68  0.32099E+10
155  70 -0.32099E+10
155 154  0.27787E+12
155 155 -0.56216E+12
155 156  0.27787E+12
156  69  0.32099E+10
156  71 -0.32099E+10
156 155  0.27787E+12
156 156 -0.56216E+12
156 157  0.27787E+12
157  70  0.32099E+10
157  72 -0.32099E+10
157 156  0.27787E+12
157 157 -0.56216E+12
157 158  0.27787E+12
158  71  0.32099E+10
158  73 -0.32099E+10
158 157  0.27787E+12
158 158 -0.56216E+12
158 159  0.27787E+12
159  72  0.32099E+10
159  74 -0.32099E+10
159 158  0.27787E+12
159 159 -0.56216E+12
159 160  0.27787E+12
160  73  0.32099E+10
160  75 -0.32099E+10
160 159  0.27787E+12
160 160 -0.56216E+12
160 161  0.27787E+12
161  74  0.32099E+10
161  76 -0.32099E+10
161 160  0.27787E+12
161 161 -0.56216E+12
161 162  0.27787E+12
162  75  0.32099E+10
162  77 -0.32099E+10
162 161  0.27787E+12
162 162 -0.56216E+12
162 163  0.27787E+12
163  76  0.32099E+10
163  78 -0.32099E+10
163 162  0.27787E+12
163 163 -0.56216E+12
163 164  0.27787E+12
164  77  0.32099E+10
164  79 -0.32099E+10
164 163  0.27787E+12
164 164 -0.56216E+12
164 165  0.27787E+12
165  78  0.32099E+10
165  80 -0.32099E+10
165 164  0.27787E+12
165 165 -0.56216E+12
165 166  0.27787E+12
166  79  0.32099E+10
166  81 -0.32099E+10
166 165  0.27787E+12
166 166 -0.56216E+12
166 167  0.27787E+12
167  80  0.32099E+10
167  82 -0.32099E+10
167 166  0.27787E+12
167 167 -0.56216E+12
167 168  0.27787E+12
168  81  0.32099E+10
168  83 -0.32099E+10
168 167  0.27787E+12
168 168 -0.56216E+12
168 169  0.27787E+12
169  82  0.32099E+10
169  84 -0.32099E+10
169 168  0.27787E+12
169 169 -0.56216E+12
169 170  0.27787E+12
170  83  0.32099E+10
170  85 -0.32099E+10
170 169  0.27787E+12
170 170 -0.56216E+12
170 171  0.27787E+12
171  84  0.32099E+10
171  86 -0.32099E+10
171 170  0.27787E+12
171 171 -0.56216E+12
171 172  0.27787E+12
172  85  0.32099E+10
172  86 -0.32099E+10
172 171  0.27787E+12
172 172 -0.28108E+12
