  1   1 -0.13043E+11
  1   2  0.13043E+11
  1  86  0.65217E+10
  1  87  0.65217E+10
  2   1  0.17686E+11
  2   2 -0.30729E+11
  2   3  0.13043E+11
  2  86 -0.88428E+10
  2  87 -0.23211E+10
  2  88  0.65217E+10
  3   2  0.18411E+11
  3   3 -0.31454E+11
  3   4  0.13043E+11
  3  87 -0.92053E+10
  3  88 -0.26836E+10
  3  89  0.65217E+10
  4   3  0.16248E+11
  4   4 -0.29292E+11
  4   5  0.13043E+11
  4  88 -0.81240E+10
  4  89 -0.16023E+10
  4  90  0.65217E+10
  5   4  0.15694E+11
  5   5 -0.28738E+11
  5   6  0.13043E+11
  5  89 -0.78472E+10
  5  90 -0.13255E+10
  5  91  0.65217E+10
  6   5  0.14552E+11
  6   6 -0.27596E+11
  6   7  0.13043E+11
  6  90 -0.72761E+10
  6  91 -0.75439E+09
  6  92  0.65217E+10
  7   6  0.14200E+11
  7   7 -0.27243E+11
  7   8  0.13043E+11
  7  91 -0.70999E+10
  7  92 -0.57814E+09
  7  93  0.65217E+10
  8   7  0.14210E+11
  8   8 -0.27253E+11
  8   9  0.13043E+11
  8  92 -0.71050E+10
  8  93 -0.58326E+09
  8  94  0.65217E+10
  9   8  0.13963E+11
  9   9 -0.27006E+11
  9  10  0.13043E+11
  9  93 -0.69815E+10
  9  94 -0.45973E+09
  9  95  0.65217E+10
 10   9  0.13804E+11
 10  10 -0.26848E+11
 10  11  0.13043E+11
 10  94 -0.69022E+10
 10  95 -0.38048E+09
 10  96  0.65217E+10
 11  10  0.13543E+11
 11  11 -0.26587E+11
 11  12  0.13043E+11
 11  95 -0.67717E+10
 11  96 -0.24998E+09
 11  97  0.65217E+10
 12  11  0.13174E+11
 12  12 -0.26217E+11
 12  13  0.13043E+11
 12  96 -0.65868E+10
 12  97 -0.65081E+08
 12  98  0.65217E+10
 13  12  0.12968E+11
 13  13 -0.26012E+11
 13  14  0.13043E+11
 13  97 -0.64840E+10
 13  98  0.37705E+08
 13  99  0.65217E+10
 14  13  0.12990E+11
 14  14 -0.26033E+11
 14  15  0.13043E+11
 14  98 -0.64949E+10
 14  99  0.26888E+08
 14 100  0.65217E+10
 15  14  0.13054E+11
 15  15 -0.26098E+11
 15  16  0.13043E+11
 15  99 -0.65271E+10
 15 100 -0.53870E+07
 15 101  0.65217E+10
 16  15  0.13065E+11
 16  16 -0.26109E+11
 16  17  0.13043E+11
 16 100 -0.65325E+10
 16 101 -0.10783E+08
 16 102  0.65217E+10
 17  16  0.13043E+11
 17  17 -0.26087E+11
 17  18  0.13043E+11
 17 101 -0.65217E+10
 17 103  0.65217E+10
 18  17  0.13043E+11
 18  18 -0.26087E+11
 18  19  0.13043E+11
 18 102 -0.65217E+10
 18 104  0.65217E+10
 19  18  0.13054E+11
 19  19 -0.26098E+11
 19  20  0.13043E+11
 19 103 -0.65271E+10
 19 104 -0.53940E+07
 19 105  0.65217E+10
 20  19  0.13054E+11
 20  20 -0.26098E+11
 20  21  0.13043E+11
 20 104 -0.65271E+10
 20 105 -0.53955E+07
 20 106  0.65217E+10
 21  20  0.13000E+11
 21  21 -0.26044E+11
 21  22  0.13043E+11
 21 105 -0.65002E+10
 21 106  0.21523E+08
 21 107  0.65217E+10
 22  21  0.12926E+11
 22  22 -0.25969E+11
 22  23  0.13043E+11
 22 106 -0.64629E+10
 22 107  0.58839E+08
 22 108  0.65217E+10
 23  22  0.12853E+11
 23  23 -0.25896E+11
 23  24  0.13043E+11
 23 107 -0.64263E+10
 23 108  0.95439E+08
 23 109  0.65217E+10
 24  23  0.12781E+11
 24  24 -0.25825E+11
 24  25  0.13043E+11
 24 108 -0.63907E+10
 24 109  0.13103E+09
 24 110  0.65217E+10
 25  24  0.12743E+11
 25  25 -0.25787E+11
 25  26  0.13043E+11
 25 109 -0.63716E+10
 25 110  0.15013E+09
 25 111  0.65217E+10
 26  25  0.12767E+11
 26  26 -0.25810E+11
 26  27  0.13043E+11
 26 110 -0.63834E+10
 26 111  0.13835E+09
 26 112  0.65217E+10
 27  26  0.12810E+11
 27  27 -0.25853E+11
 27  28  0.13043E+11
 27 111 -0.64049E+10
 27 112  0.11689E+09
 27 113  0.65217E+10
 28  27  0.12802E+11
 28  28 -0.25845E+11
 28  29  0.13043E+11
 28 112 -0.64009E+10
 28 113  0.12082E+09
 28 114  0.65217E+10
 29  28  0.12775E+11
 29  29 -0.25818E+11
 29  30  0.13043E+11
 29 113 -0.63873E+10
 29 114  0.13444E+09
 29 115  0.65217E+10
 30  29  0.12729E+11
 30  30 -0.25772E+11
 30  31  0.13043E+11
 30 114 -0.63645E+10
 30 115  0.15726E+09
 30 116  0.65217E+10
 31  30  0.12704E+11
 31  31 -0.25748E+11
 31  32  0.13043E+11
 31 115 -0.63521E+10
 31 116  0.16967E+09
 31 117  0.65217E+10
 32  31  0.12699E+11
 32  32 -0.25743E+11
 32  33  0.13043E+11
 32 116 -0.63496E+10
 32 117  0.17218E+09
 32 118  0.65217E+10
 33  32  0.12704E+11
 33  33 -0.25747E+11
 33  34  0.13043E+11
 33 117 -0.63518E+10
 33 118  0.16994E+09
 33 119  0.65217E+10
 34  33  0.12681E+11
 34  34 -0.25724E+11
 34  35  0.13043E+11
 34 118 -0.63403E+10
 34 119  0.18144E+09
 34 120  0.65217E+10
 35  34  0.12641E+11
 35  35 -0.25684E+11
 35  36  0.13043E+11
 35 119 -0.63204E+10
 35 120  0.20136E+09
 35 121  0.65217E+10
 36  35  0.12585E+11
 36  36 -0.25629E+11
 36  37  0.13043E+11
 36 120 -0.62927E+10
 36 121  0.22901E+09
 36 122  0.65217E+10
 37  36  0.12576E+11
 37  37 -0.25620E+11
 37  38  0.13043E+11
 37 121 -0.62881E+10
 37 122  0.23365E+09
 37 123  0.65217E+10
 38  37  0.12610E+11
 38  38 -0.25653E+11
 38  39  0.13043E+11
 38 122 -0.63049E+10
 38 123  0.21687E+09
 38 124  0.65217E+10
 39  38  0.12600E+11
 39  39 -0.25644E+11
 39  40  0.13043E+11
 39 123 -0.63001E+10
 39 124  0.22164E+09
 39 125  0.65217E+10
 40  39  0.12510E+11
 40  40 -0.25554E+11
 40  41  0.13043E+11
 40 124 -0.62551E+10
 40 125  0.26667E+09
 40 126  0.65217E+10
 41  40  0.12364E+11
 41  41 -0.25407E+11
 41  42  0.13043E+11
 41 125 -0.61820E+10
 41 126  0.33978E+09
 41 127  0.65217E+10
 42  41  0.12261E+11
 42  42 -0.25304E+11
 42  43  0.13043E+11
 42 126 -0.61304E+10
 42 127  0.39137E+09
 42 128  0.65217E+10
 43  42  0.12233E+11
 43  43 -0.25276E+11
 43  44  0.13043E+11
 43 127 -0.61164E+10
 43 128  0.40532E+09
 43 129  0.65217E+10
 44  43  0.12222E+11
 44  44 -0.25266E+11
 44  45  0.13043E+11
 44 128 -0.61111E+10
 44 129  0.41060E+09
 44 130  0.65217E+10
 45  44  0.12180E+11
 45  45 -0.25223E+11
 45  46  0.13043E+11
 45 129 -0.60899E+10
 45 130  0.43183E+09
 45 131  0.65217E+10
 46  45  0.12130E+11
 46  46 -0.25173E+11
 46  47  0.13043E+11
 46 130 -0.60648E+10
 46 131  0.45692E+09
 46 132  0.65217E+10
 47  46  0.12136E+11
 47  47 -0.25179E+11
 47  48  0.13043E+11
 47 131 -0.60678E+10
 47 132  0.45395E+09
 47 133  0.65217E+10
 48  47  0.12178E+11
 48  48 -0.25222E+11
 48  49  0.13043E+11
 48 132 -0.60891E+10
 48 133  0.43264E+09
 48 134  0.65217E+10
 49  48  0.12241E+11
 49  49 -0.25285E+11
 49  50  0.13043E+11
 49 133 -0.61206E+10
 49 134  0.40115E+09
 49 135  0.65217E+10
 50  49  0.12259E+11
 50  50 -0.25303E+11
 50  51  0.13043E+11
 50 134 -0.61297E+10
 50 135  0.39204E+09
 50 136  0.65217E+10
 51  50  0.12238E+11
 51  51 -0.25281E+11
 51  52  0.13043E+11
 51 135 -0.61190E+10
 51 136  0.40276E+09
 51 137  0.65217E+10
 52  51  0.12251E+11
 52  52 -0.25295E+11
 52  53  0.13043E+11
 52 136 -0.61257E+10
 52 137  0.39606E+09
 52 138  0.65217E+10
 53  52  0.12311E+11
 53  53 -0.25355E+11
 53  54  0.13043E+11
 53 137 -0.61556E+10
 53 138  0.36612E+09
 53 139  0.65217E+10
 54  53  0.12255E+11
 54  54 -0.25299E+11
 54  55  0.13043E+11
 54 138 -0.61276E+10
 54 139  0.39416E+09
 54 140  0.65217E+10
 55  54  0.12075E+11
 55  55 -0.25118E+11
 55  56  0.13043E+11
 55 139 -0.60374E+10
 55 140  0.48438E+09
 55 141  0.65217E+10
 56  55  0.11972E+11
 56  56 -0.25015E+11
 56  57  0.13043E+11
 56 140 -0.59859E+10
 56 141  0.53581E+09
 56 142  0.65217E+10
 57  56  0.12010E+11
 57  57 -0.25053E+11
 57  58  0.13043E+11
 57 141 -0.60049E+10
 57 142  0.51687E+09
 57 143  0.65217E+10
 58  57  0.12091E+11
 58  58 -0.25135E+11
 58  59  0.13043E+11
 58 142 -0.60457E+10
 58 143  0.47602E+09
 58 144  0.65217E+10
 59  58  0.12203E+11
 59  59 -0.25247E+11
 59  60  0.13043E+11
 59 143 -0.61016E+10
 59 144  0.42012E+09
 59 145  0.65217E+10
 60  59  0.12408E+11
 60  60 -0.25452E+11
 60  61  0.13043E+11
 60 144 -0.62041E+10
 60 145  0.31764E+09
 60 146  0.65217E+10
 61  60  0.12606E+11
 61  61 -0.25649E+11
 61  62  0.13043E+11
 61 145 -0.63029E+10
 61 146  0.21881E+09
 61 147  0.65217E+10
 62  61  0.12723E+11
 62  62 -0.25766E+11
 62  63  0.13043E+11
 62 146 -0.63614E+10
 62 147  0.16037E+09
 62 148  0.65217E+10
 63  62  0.12759E+11
 63  63 -0.25802E+11
 63  64  0.13043E+11
 63 147 -0.63795E+10
 63 148  0.14223E+09
 63 149  0.65217E+10
 64  63  0.12908E+11
 64  64 -0.25951E+11
 64  65  0.13043E+11
 64 148 -0.64539E+10
 64 149  0.67865E+08
 64 150  0.65217E+10
 65  64  0.12941E+11
 65  65 -0.25984E+11
 65  66  0.13043E+11
 65 149 -0.64705E+10
 65 150  0.51243E+08
 65 151  0.65217E+10
 66  65  0.12950E+11
 66  66 -0.25993E+11
 66  67  0.13043E+11
 66 150 -0.64748E+10
 66 151  0.46982E+08
 66 152  0.65217E+10
 67  66  0.13035E+11
 67  67 -0.26079E+11
 67  68  0.13043E+11
 67 151 -0.65176E+10
 67 152  0.40898E+07
 67 153  0.65217E+10
 68  67  0.12954E+11
 68  68 -0.25997E+11
 68  69  0.13043E+11
 68 152 -0.64770E+10
 68 153  0.44774E+08
 68 154  0.65217E+10
 69  68  0.13043E+11
 69  69 -0.26087E+11
 69  70  0.13043E+11
 69 153 -0.65217E+10
 69 155  0.65217E+10
 70  69  0.13117E+11
 70  70 -0.26161E+11
 70  71  0.13043E+11
 70 154 -0.65586E+10
 70 155 -0.36853E+08
 70 156  0.65217E+10
 71  70  0.13076E+11
 71  71 -0.26120E+11
 71  72  0.13043E+11
 71 155 -0.65381E+10
 71 156 -0.16386E+08
 71 157  0.65217E+10
 72  71  0.13134E+11
 72  72 -0.26177E+11
 72  73  0.13043E+11
 72 156 -0.65670E+10
 72 157 -0.45268E+08
 72 158  0.65217E+10
 73  72  0.13147E+11
 73  73 -0.26190E+11
 73  74  0.13043E+11
 73 157 -0.65734E+10
 73 158 -0.51656E+08
 73 159  0.65217E+10
 74  73  0.13151E+11
 74  74 -0.26195E+11
 74  75  0.13043E+11
 74 158 -0.65757E+10
 74 159 -0.53950E+08
 74 160  0.65217E+10
 75  74  0.13148E+11
 75  75 -0.26191E+11
 75  76  0.13043E+11
 75 159 -0.65738E+10
 75 160 -0.52078E+08
 75 161  0.65217E+10
 76  75  0.13165E+11
 76  76 -0.26208E+11
 76  77  0.13043E+11
 76 160 -0.65825E+10
 76 161 -0.60711E+08
 76 162  0.65217E+10
 77  76  0.13246E+11
 77  77 -0.26290E+11
 77  78  0.13043E+11
 77 161 -0.66232E+10
 77 162 -0.10142E+09
 77 163  0.65217E+10
 78  77  0.13252E+11
 78  78 -0.26296E+11
 78  79  0.13043E+11
 78 162 -0.66261E+10
 78 163 -0.10437E+09
 78 164  0.65217E+10
 79  78  0.13159E+11
 79  79 -0.26202E+11
 79  80  0.13043E+11
 79 163 -0.65794E+10
 79 164 -0.57662E+08
 79 165  0.65217E+10
 80  79  0.13125E+11
 80  80 -0.26168E+11
 80  81  0.13043E+11
 80 164 -0.65624E+10
 80 165 -0.40677E+08
 80 166  0.65217E+10
 81  80  0.12891E+11
 81  81 -0.25934E+11
 81  82  0.13043E+11
 81 165 -0.64455E+10
 81 166  0.76277E+08
 81 167  0.65217E+10
 82  81  0.13386E+11
 82  82 -0.26429E+11
 82  83  0.13043E+11
 82 166 -0.66929E+10
 82 167 -0.17118E+09
 82 168  0.65217E+10
 83  82  0.13257E+11
 83  83 -0.26301E+11
 83  84  0.13043E+11
 83 167 -0.66285E+10
 83 168 -0.10678E+09
 83 169  0.65217E+10
 84  83  0.13809E+11
 84  84 -0.26853E+11
 84  85  0.13043E+11
 84 168 -0.69046E+10
 84 169 -0.38285E+09
 84 170  0.65217E+10
 85  84  0.38405E+11
 85  85 -0.38405E+11
 85 169 -0.19203E+11
 85 170 -0.19203E+11
 86   1  0.39806E+10
 86   2 -0.39806E+10
 86  86 -0.24112E+12
 86  87  0.23714E+12
 87   1  0.73181E+10
 87   2 -0.19209E+10
 87   3 -0.53972E+10
 87  86  0.43597E+12
 87  87 -0.68512E+12
 87  88  0.23643E+12
 88   2  0.10753E+11
 88   3 -0.31347E+10
 88   4 -0.76181E+10
 88  87  0.47104E+12
 88  88 -0.72473E+12
 88  89  0.23532E+12
 89   3  0.11821E+11
 89   4 -0.23315E+10
 89   5 -0.94897E+10
 89  88  0.36516E+12
 89  89 -0.62085E+12
 89  90  0.23439E+12
 90   4  0.13739E+11
 90   5 -0.23207E+10
 90   6 -0.11418E+11
 90  89  0.33934E+12
 90  90 -0.59792E+12
 90  91  0.23342E+12
 91   5  0.14213E+11
 91   6 -0.14736E+10
 91   7 -0.12739E+11
 91  90  0.29055E+12
 91  91 -0.55026E+12
 91  92  0.23276E+12
 92   6  0.15098E+11
 92   7 -0.12294E+10
 92   8 -0.13869E+11
 92  91  0.27586E+12
 92  92 -0.53702E+12
 92  93  0.23220E+12
 93   7  0.16460E+11
 93   8 -0.13512E+10
 93   9 -0.15109E+11
 93  92  0.27559E+12
 93  93 -0.53873E+12
 93  94  0.23158E+12
 94   8  0.17314E+11
 94   9 -0.11401E+10
 94  10 -0.16174E+11
 94  93  0.26538E+12
 94  94 -0.52991E+12
 94  95  0.23104E+12
 95   9  0.18116E+11
 95  10 -0.99864E+09
 95  11 -0.17118E+11
 95  94  0.25879E+12
 95  95 -0.52459E+12
 95  96  0.23057E+12
 96  10  0.18455E+11
 96  11 -0.68126E+09
 96  12 -0.17774E+11
 96  95  0.24859E+12
 96  96 -0.51506E+12
 96  97  0.23024E+12
 97  11  0.18130E+11
 97  12 -0.17914E+09
 97  13 -0.17951E+11
 97  96  0.23486E+12
 97  97 -0.50110E+12
 97  98  0.23015E+12
 98  12  0.17744E+11
 98  13  0.10318E+09
 98  14 -0.17847E+11
 98  97  0.22750E+12
 98  98 -0.49330E+12
 98  99  0.23021E+12
 99  13  0.17700E+11
 99  14  0.73278E+08
 99  15 -0.17774E+11
 99  98  0.22831E+12
 99  99 -0.49403E+12
 99 100  0.23024E+12
100  14  0.17803E+11
100  15 -0.14694E+08
100  16 -0.17788E+11
100  99  0.23062E+12
100 100 -0.49645E+12
100 101  0.23024E+12
101  15  0.17847E+11
101  16 -0.29459E+08
101  17 -0.17818E+11
101 100  0.23100E+12
101 101 -0.49688E+12
101 102  0.23022E+12
102  16  0.17818E+11
102  18 -0.17818E+11
102 101  0.23022E+12
102 102 -0.49608E+12
102 103  0.23022E+12
103  17  0.17818E+11
103  19 -0.17818E+11
103 102  0.23022E+12
103 103 -0.49608E+12
103 104  0.23022E+12
104  18  0.17847E+11
104  19 -0.14748E+08
104  20 -0.17832E+11
104 103  0.23060E+12
104 104 -0.49650E+12
104 105  0.23021E+12
105  19  0.17862E+11
105  20 -0.14764E+08
105  21 -0.17847E+11
105 104  0.23060E+12
105 105 -0.49651E+12
105 106  0.23021E+12
106  20  0.17730E+11
106  21  0.58705E+08
106  22 -0.17788E+11
106 105  0.22869E+12
106 106 -0.49444E+12
106 107  0.23024E+12
107  21  0.17469E+11
107  22  0.15904E+09
107  23 -0.17628E+11
107 106  0.22610E+12
107 107 -0.49151E+12
107 108  0.23032E+12
108  22  0.17116E+11
108  23  0.25419E+09
108  24 -0.17370E+11
108 107  0.22362E+12
108 108 -0.48856E+12
108 109  0.23045E+12
109  23  0.16679E+11
109  24  0.34198E+09
109  25 -0.17021E+11
109 108  0.22128E+12
109 109 -0.48560E+12
109 110  0.23062E+12
110  24  0.16246E+11
110  25  0.38279E+09
110  26 -0.16629E+11
110 109  0.22012E+12
110 110 -0.48382E+12
110 111  0.23082E+12
111  25  0.15931E+11
111  26  0.34527E+09
111  27 -0.16276E+11
111 110  0.22113E+12
111 111 -0.48433E+12
111 112  0.23099E+12
112  26  0.15698E+11
112  27  0.28649E+09
112  28 -0.15985E+11
112 111  0.22279E+12
112 112 -0.48561E+12
112 113  0.23114E+12
113  27  0.15398E+11
113  28  0.29064E+09
113  29 -0.15688E+11
113 112  0.22265E+12
113 113 -0.48503E+12
113 114  0.23129E+12
114  28  0.15048E+11
114  29  0.31673E+09
114  30 -0.15365E+11
114 113  0.22185E+12
114 114 -0.48371E+12
114 115  0.23145E+12
115  29  0.14633E+11
115  30  0.36157E+09
115  31 -0.14995E+11
115 114  0.22042E+12
115 115 -0.48168E+12
115 116  0.23163E+12
116  30  0.14225E+11
116  31  0.37996E+09
116  32 -0.14604E+11
116 115  0.21974E+12
116 116 -0.48039E+12
116 117  0.23183E+12
117  31  0.13843E+11
117  32  0.37540E+09
117  33 -0.14219E+11
117 116  0.21975E+12
117 117 -0.47983E+12
117 118  0.23202E+12
118  32  0.13488E+11
118  33  0.36085E+09
118  34 -0.13848E+11
118 117  0.22009E+12
118 118 -0.47963E+12
118 119  0.23221E+12
119  33  0.13089E+11
119  34  0.37455E+09
119  35 -0.13463E+11
119 118  0.21947E+12
119 119 -0.47842E+12
119 120  0.23240E+12
120  34  0.12645E+11
120  35  0.40284E+09
120  36 -0.13047E+11
120 119  0.21827E+12
120 120 -0.47657E+12
120 121  0.23261E+12
121  35  0.12147E+11
121  36  0.44207E+09
121  37 -0.12589E+11
121 120  0.21656E+12
121 121 -0.47413E+12
121 122  0.23284E+12
122  36  0.11703E+11
122  37  0.43487E+09
122  38 -0.12138E+11
122 121  0.21645E+12
122 122 -0.47335E+12
122 123  0.23306E+12
123  37  0.11344E+11
123  38  0.39021E+09
123  39 -0.11735E+11
123 122  0.21782E+12
123 123 -0.47416E+12
123 124  0.23326E+12
124  38  0.10951E+11
124  39  0.38524E+09
124  40 -0.11336E+11
124 123  0.21768E+12
124 124 -0.47343E+12
124 125  0.23346E+12
125  39  0.10428E+11
125  40  0.44457E+09
125  41 -0.10872E+11
125 124  0.21476E+12
125 125 -0.46975E+12
125 126  0.23369E+12
126  40  0.97689E+10
126  41  0.53694E+09
126  42 -0.10306E+11
126 125  0.20998E+12
126 126 -0.46403E+12
126 127  0.23398E+12
127  41  0.91060E+10
127  42  0.58134E+09
127  43 -0.96874E+10
127 126  0.20674E+12
127 127 -0.45982E+12
127 128  0.23429E+12
128  42  0.85207E+10
128  43  0.56464E+09
128  44 -0.90853E+10
128 127  0.20607E+12
128 128 -0.45826E+12
128 129  0.23459E+12
129  43  0.79773E+10
129  44  0.53598E+09
129  45 -0.85133E+10
129 128  0.20598E+12
129 129 -0.45734E+12
129 130  0.23487E+12
130  44  0.74233E+10
130  45  0.52637E+09
130  46 -0.79496E+10
130 129  0.20480E+12
130 130 -0.45533E+12
130 131  0.23516E+12
131  45  0.68747E+10
131  46  0.51794E+09
131  47 -0.73927E+10
131 130  0.20336E+12
131 131 -0.45306E+12
131 132  0.23543E+12
132  46  0.63993E+10
132  47  0.47875E+09
132  48 -0.68781E+10
132 131  0.20380E+12
132 132 -0.45277E+12
132 133  0.23569E+12
133  47  0.59958E+10
133  48  0.42601E+09
133  49 -0.64218E+10
133 132  0.20546E+12
133 133 -0.45379E+12
133 134  0.23592E+12
134  48  0.56561E+10
134  49  0.37070E+09
134  50 -0.60268E+10
134 133  0.20779E+12
134 134 -0.45559E+12
134 135  0.23612E+12
135  49  0.53240E+10
135  50  0.34051E+09
135  51 -0.56645E+10
135 134  0.20858E+12
135 135 -0.45587E+12
135 136  0.23630E+12
136  50  0.49865E+10
136  51  0.32821E+09
136  52 -0.53147E+10
136 135  0.20801E+12
136 136 -0.45479E+12
136 137  0.23647E+12
137  51  0.46888E+10
137  52  0.30316E+09
137  53 -0.49920E+10
137 136  0.20862E+12
137 137 -0.45494E+12
137 138  0.23663E+12
138  52  0.44472E+10
138  53  0.26451E+09
138  54 -0.47117E+10
138 137  0.21081E+12
138 138 -0.45675E+12
138 139  0.23677E+12
139  53  0.41594E+10
139  54  0.26756E+09
139  55 -0.44270E+10
139 138  0.20902E+12
139 139 -0.45452E+12
139 140  0.23692E+12
140  54  0.37938E+10
140  55  0.30437E+09
140  56 -0.40982E+10
140 139  0.20303E+12
140 140 -0.44801E+12
140 141  0.23708E+12
141  55  0.34524E+10
141  56  0.30903E+09
141  57 -0.37615E+10
141 140  0.19973E+12
141 141 -0.44419E+12
141 142  0.23725E+12
142  56  0.31889E+10
142  57  0.27448E+09
142  58 -0.34634E+10
142 141  0.20113E+12
142 142 -0.44519E+12
142 143  0.23740E+12
143  57  0.29762E+10
143  58  0.23434E+09
143  59 -0.32106E+10
143 142  0.20401E+12
143 143 -0.44772E+12
143 144  0.23753E+12
144  58  0.28102E+10
144  59  0.19350E+09
144  60 -0.30037E+10
144 143  0.20791E+12
144 144 -0.45135E+12
144 145  0.23763E+12
145  59  0.27183E+10
145  60  0.13917E+09
145  61 -0.28574E+10
145 144  0.21504E+12
145 145 -0.45832E+12
145 146  0.23770E+12
146  60  0.26689E+10
146  61  0.92655E+08
146  62 -0.27616E+10
146 145  0.22202E+12
146 146 -0.46520E+12
146 147  0.23775E+12
147  61  0.26274E+10
147  62  0.66237E+08
147  63 -0.26937E+10
147 146  0.22620E+12
147 147 -0.46931E+12
147 148  0.23778E+12
148  62  0.25775E+10
148  63  0.57464E+08
148  64 -0.26349E+10
148 147  0.22753E+12
148 148 -0.47055E+12
148 149  0.23781E+12
149  63  0.25804E+10
149  64  0.27134E+08
149  65 -0.26075E+10
149 148  0.23289E+12
149 149 -0.47590E+12
149 150  0.23783E+12
150  64  0.25667E+10
150  65  0.20327E+08
150  66 -0.25870E+10
150 149  0.23410E+12
150 150 -0.47709E+12
150 151  0.23784E+12
151  65  0.25499E+10
151  66  0.18502E+08
151  67 -0.25684E+10
151 150  0.23442E+12
151 151 -0.47739E+12
151 152  0.23785E+12
152  66  0.25652E+10
152  67  0.16097E+07
152  68 -0.25668E+10
152 151  0.23755E+12
152 152 -0.48053E+12
152 153  0.23785E+12
153  67  0.25316E+10
153  68  0.17501E+08
153  69 -0.25491E+10
153 152  0.23459E+12
153 153 -0.47753E+12
153 154  0.23786E+12
154  68  0.25491E+10
154  70 -0.25491E+10
154 153  0.23786E+12
154 154 -0.48081E+12
154 155  0.23786E+12
155  69  0.25780E+10
155  70 -0.14486E+08
155  71 -0.25636E+10
155 154  0.24055E+12
155 155 -0.48354E+12
155 156  0.23785E+12
156  70  0.25764E+10
156  71 -0.64571E+07
156  72 -0.25700E+10
156 155  0.23905E+12
156 156 -0.48204E+12
156 157  0.23785E+12
157  71  0.26058E+10
157  72 -0.17962E+08
157  73 -0.25878E+10
157 156  0.24116E+12
157 157 -0.48419E+12
157 158  0.23784E+12
158  72  0.26290E+10
158  73 -0.20660E+08
158  74 -0.26083E+10
158 157  0.24162E+12
158 158 -0.48468E+12
158 159  0.23783E+12
159  73  0.26517E+10
159  74 -0.21755E+08
159  75 -0.26299E+10
159 158  0.24178E+12
159 159 -0.48487E+12
159 160  0.23782E+12
160  74  0.26721E+10
160  75 -0.21168E+08
160  76 -0.26509E+10
160 159  0.24163E+12
160 160 -0.48476E+12
160 161  0.23780E+12
161  75  0.27005E+10
161  76 -0.24907E+08
161  77 -0.26756E+10
161 160  0.24225E+12
161 161 -0.48542E+12
161 162  0.23779E+12
162  76  0.27594E+10
162  77 -0.42256E+08
162  78 -0.27172E+10
162 161  0.24525E+12
162 162 -0.48849E+12
162 163  0.23777E+12
163  77  0.28049E+10
163  78 -0.44181E+08
163  79 -0.27607E+10
163 162  0.24544E+12
163 163 -0.48876E+12
163 164  0.23775E+12
164  78  0.28097E+10
164  79 -0.24624E+08
164  80 -0.27851E+10
164 163  0.24197E+12
164 164 -0.48531E+12
164 165  0.23774E+12
165  79  0.28199E+10
165  80 -0.17479E+08
165  81 -0.28025E+10
165 164  0.24071E+12
165 165 -0.48406E+12
165 166  0.23773E+12
166  80  0.27373E+10
166  81  0.32394E+08
166  82 -0.27697E+10
166 165  0.23220E+12
166 166 -0.47545E+12
166 167  0.23775E+12
167  81  0.29170E+10
167  82 -0.74604E+08
167  83 -0.28424E+10
167 166  0.25039E+12
167 167 -0.49386E+12
167 168  0.23771E+12
168  82  0.29362E+10
168  83 -0.47299E+08
168  84 -0.28889E+10
168 167  0.24556E+12
168 168 -0.48907E+12
168 169  0.23769E+12
169  83  0.32380E+10
169  84 -0.17955E+09
169  85 -0.30585E+10
169 168  0.26641E+12
169 169 -0.51031E+12
169 170  0.23760E+12
170  84  0.26515E+11
170  85 -0.26515E+11
170 169  0.20599E+13
170 170 -0.20864E+13
